r2	effect.allele.outcome	ref.allele.outcome	beta.luminalA	sd.luminalA	beta.luminalB	sd.luminalB	beta.HER2neg	sd.HER2neg	beta.HER2pos	sd.HER2pos	ncase.outcome	ncontrol.outcomee	samplesize.outcome	SNP	eaf.outcome
0.774499	A	G	0.0246121405629754	0.0224972820922349	-0.0607172525474356	0.052081615611401	0.0728888584802881	0.0418861928459457	0.0489598112181826	0.0715491070552021	91562	94407	185969	rs116135844	0.0412561980561276
0.491493	A	G	0.00351865244454958	0.0348684986555341	0.0299614373729612	0.0743436583353568	0.0169273301195789	0.0646201714639017	-0.107762724226151	0.113159588906015	91562	94407	185969	rs116865000	0.0238990014937974
0.664798	A	G	-0.0683571886293032	0.040535273876853	-0.102778250989667	0.0917453656918016	0.0832081412723042	0.0722637963156004	0.116827053075062	0.122352403286108	91562	94407	185969	rs117338748	0.0133935170128892
0.999208	C	T	-0.00188934328170277	0.00872688079093795	-0.00476076640423067	0.0195142894011549	0.0151346065396384	0.0165426091231686	0.0303482575443324	0.0280747784593938	91562	94407	185969	rs11788336	0.307750243083525
0.800228	A	G	0.00262134835514712	0.00974072203483887	0.00229377105192738	0.0213412095288816	-0.00864483832268044	0.0184074615639759	0.0144075535352841	0.0311948989787417	91562	94407	185969	rs13207588	0.242693229828627
0.805915	A	G	-0.0292593763456467	0.0268704092679874	0.00401659897332715	0.0602376618473428	0.0745649667715846	0.0494764202708274	0.0413538704811263	0.0867438171448629	91562	94407	185969	rs34656657	0.0279125948701128
0.757282	T	G	-0.00455466554835702	0.00924557451553081	0.00340754277578827	0.0204601043516265	-0.0208889997638469	0.017577946281983	-0.00103622719356462	0.0298046484279588	91562	94407	185969	rs35980751	0.316552280546758
0.842256	A	G	0.0169033363971715	0.00931015312015663	-0.00256738339527848	0.0202324209419975	0.020789024488733	0.017035143368009	-0.0121135323029201	0.028238835300037	91562	94407	185969	rs4988235	0.676469499529492
0.957586	A	G	0.0139306296574356	0.0158151869213063	0.0157842947346859	0.0345279714660954	-0.00807237987123658	0.0300334078278637	0.040781680062662	0.0495401023897521	91562	94407	185969	rs55808472	0.0741649217520124
0.985206	G	A	-0.00887337164979608	0.0123049392374267	-0.0228746655085994	0.0270327409628846	0.0228284476011493	0.0236371263246336	0.0061051885403139	0.0395769711477095	91562	94407	185969	rs6733298	0.951204889218096
0.881631	A	G	-0.0149180099359936	0.00880163465561564	0.00140834389658105	0.0193791600133976	-0.0207003300050743	0.0166773019392578	0.00511369000794493	0.0282694440307617	91562	94407	185969	rs7118902	0.322355789701509
