r2	effect.allele.outcome	ref.allele.outcome	beta.luminalA	sd.luminalA	beta.luminalB	sd.luminalB	beta.HER2neg	sd.HER2neg	beta.HER2pos	sd.HER2pos	ncase.outcome	ncontrol.outcomee	samplesize.outcome	SNP	eaf.outcome
1	T	C	0.0306885842071813	0.00791118903073904	0.0226542636780623	0.0176287079446488	0.0550741464776796	0.0150011718371134	0.0578717447288093	0.0256346805948278	91562	94407	185969	rs10022462	0.480438385112573
0.740286	G	T	0.0209418727312424	0.0102767657465276	0.00366720096986379	0.0226904140598576	-0.0178559175004437	0.0196655442905168	0.0106958927483408	0.0330979161133584	91562	94407	185969	rs1005390	0.216990812441859
0.877612	A	G	-0.00106179772525354	0.0101980782614014	0.0138469205162321	0.0224267570709484	0.0132797114216401	0.0191863168193948	-0.00946137737619691	0.0329285118168876	91562	94407	185969	rs10112574	0.209069075856729
0.761806	C	T	-0.00562129338768584	0.0101418589334033	0.00999566445301603	0.0220758838217217	0.00832082354371403	0.0190170937306604	-0.0164829528039525	0.0324924864214211	91562	94407	185969	rs10206899	0.222789119019837
0.615197	A	G	-0.000974910633387535	0.00877649272445821	0.0203789447716454	0.0191740005810924	-0.0231584267963965	0.0165706658324149	0.00956793351906978	0.0279293997521351	91562	94407	185969	rs10211524	0.469825055971694
0.994921	G	A	0.0343474308925421	0.0153057968400332	-0.0301218625458386	0.0347666337723751	0.0129152080122668	0.0291433617958233	-0.0270475567208968	0.0503968040126165	91562	94407	185969	rs10242455	0.0750300966736392
0.976862	A	G	-0.0406224186631879	0.0168253591827116	-0.0359632656768924	0.0376214238913815	-0.0760485717222202	0.032846906604866	-0.0660432674465509	0.0547255624125547	91562	94407	185969	rs10278040	0.0633000574127946
0.895366	T	C	-0.00273669579269579	0.0103527894782565	0.0152089363676421	0.0227657633065853	0.00713742970990167	0.0195036909867666	-0.00749258971209626	0.0334741911562845	91562	94407	185969	rs1030420	0.199584366152423
0.98896	A	C	-0.0180008080921911	0.00908626685033423	0.0179952039451631	0.0204672734341059	-0.0162523895488704	0.017204223157383	0.0119333573684532	0.0296300208036171	91562	94407	185969	rs1046080	0.807617077926966
0.840258	T	C	0.0127300868362899	0.00902503536078111	-0.0203761265236006	0.0200425122504509	-0.000658702146138349	0.0171488753670387	-0.0332557117441701	0.0293353761653902	91562	94407	185969	rs10468017	0.302080766509472
0.691398	A	G	0.000227000973432334	0.0098352988308971	0.0177867501220236	0.0213808391808215	0.00632074031040032	0.0184624813638593	0.0241148462482025	0.0311813566905536	91562	94407	185969	rs10469966	0.261148580521485
0.906938	A	C	-0.00552844172674104	0.0113729088565802	-0.00670394748304876	0.0253120251768575	0.00931133610598234	0.0214353093139869	0.0298979302108007	0.0360325871924717	91562	94407	185969	rs10491431	0.157418241766101
0.791661	T	C	-0.00283397460337108	0.00821239714979943	-0.0502185629329855	0.0180273984888155	0.0188891765827144	0.0155208623004167	0.0533455464597351	0.0264052672995736	91562	94407	185969	rs10504073	0.59975784191989
0.993222	T	G	0.00945577112186248	0.00919963827145807	-0.0146710925611034	0.0206515692475332	0.0086096636656771	0.017488245848995	0.0131654070409567	0.0296811942091617	91562	94407	185969	rs1053941	0.258853621431529
0.861999	G	A	-0.0148244239374272	0.00840765237009197	-0.00926628338669162	0.0187271261523829	0.0172623598314464	0.0160171583360177	-0.00861961357588773	0.0272153170981736	91562	94407	185969	rs10988217	0.636968003554356
0.877177	T	A	0.0182183925510231	0.0146377500854052	-0.00743245135126872	0.0322879570994824	0.000251635690009217	0.0276559696044732	0.0744387287744124	0.0452661301062244	91562	94407	185969	rs11101730	0.0904764708860079
0.927084	C	T	-0.0160162350049251	0.00876154569589494	0.00643674400675763	0.0193062744451822	0.0193995260865682	0.0164703457329616	-0.00455833223238678	0.0282647220337593	91562	94407	185969	rs11161521	0.315837807091504
0.99951	C	T	-0.0183281137004857	0.00804157968279997	-0.0146951970641885	0.0179203874304742	-0.0136638559540015	0.015259295031219	0.0188059282670775	0.0258690225507025	91562	94407	185969	rs1163251	0.423915582419651
0.932635	G	A	0.00598289691643736	0.00902814894177618	-0.0332414258534841	0.0202342664933563	0.00313253538617348	0.0171292685199391	0.00969958693848932	0.0291414023091499	91562	94407	185969	rs11647589	0.304021165522211
0.765837	C	T	-0.00362309130780047	0.0100112845059679	0.024351136592271	0.022059238438639	0.00499280152471262	0.018924952874311	0.0364917253572634	0.0323949451951981	91562	94407	185969	rs1171614	0.85087282498696
0.766296	T	C	-0.0035973346092825	0.0100058036731735	0.0244333790668249	0.022046643822022	0.00508293361410595	0.018914384970586	0.0365135866428605	0.0323770142363726	91562	94407	185969	rs1171615	0.850865335905447
0.764779	T	G	-0.00341859185620743	0.00999444635433622	0.0218241915864389	0.0220078864249116	0.00615105820544585	0.0188990965634323	0.0370396695288031	0.032344215350624	91562	94407	185969	rs1171617	0.849049540380386
0.898493	A	G	0.0139319522710113	0.00813567959664695	0.00130894385691377	0.0180139897716847	0.000963899957231909	0.0153593118620125	-0.0181848684064171	0.0261630644515829	91562	94407	185969	rs11754288	0.471855876527808
0.984473	A	G	-0.022514982193823	0.0155432311388444	-0.021431799496178	0.0345855237839679	-0.0679914296148801	0.0302680484445285	-0.0507208576779892	0.0513313779713612	91562	94407	185969	rs11825181	0.0743544458775387
0.880454	G	A	-0.01385502765297	0.00814632864925213	-0.00315519048340286	0.0179875333802995	-0.0113764865688163	0.0153488721588406	0.0180284743435204	0.0261760199126571	91562	94407	185969	rs1185567	0.592028388053923
1	C	A	0.0328916828386542	0.00787180352392752	0.0527403940630001	0.0174757890926993	0.0323743642933229	0.0149149601331183	0.00211367572503297	0.025382183814038	91562	94407	185969	rs11950562	0.506434584570547
0.99791	G	A	-0.0371138618465732	0.0139752416827917	-0.00530752990680803	0.0308697199158534	-0.0275282940476939	0.0266408355637662	-0.0347464352192315	0.0448176594647465	91562	94407	185969	rs11974702	0.0941997393995773
0.928017	C	T	-0.00310989397848841	0.0080291148869813	0.0109100566926885	0.0177794478837515	1.75076878850589e-05	0.0151890989581955	0.0321661256656101	0.0258815396665465	91562	94407	185969	rs12141041	0.572827280611285
0.516634	A	G	-0.000675563203432482	0.00974931849889324	-0.0289906423823362	0.0211628342297555	-0.014478249772727	0.018341092184562	-0.0350997683757932	0.0311213397972273	91562	94407	185969	rs12246027	0.295866748001011
0.924558	G	A	-0.00217297062072987	0.0110092168279944	-0.00865797784692765	0.024280320647448	-0.00361248001683571	0.0208479601613247	0.00332491228054185	0.035397192480406	91562	94407	185969	rs12356193	0.16706779486366
0.989284	A	G	-0.0336818329700547	0.0138485531547208	-0.00672903616036655	0.0305528707371518	-0.0275600108051664	0.0264273738305649	-0.0340793801827395	0.0443952740633848	91562	94407	185969	rs12533251	0.0964508195484194
0.984065	T	C	0.00499954458343436	0.014686507402805	-0.00954040363609733	0.0322592980882045	-0.0169533343719798	0.027549739091788	-0.00155688430740719	0.0469733088476403	91562	94407	185969	rs12550729	0.995062727105055
0.777559	C	A	0.0104285893199651	0.00904144563011771	0.0211690115819963	0.0198040221196966	-0.0116191872970643	0.0170860432103513	0.0419871415849715	0.0284688111443773	91562	94407	185969	rs12566232	0.317143243648135
0.973754	C	G	-0.00690261057134375	0.0104261534569871	0.0126420354451713	0.0229764382817242	-0.00412667216420015	0.0197707365792066	-0.031589965037924	0.0338513987696713	91562	94407	185969	rs12602901	0.188512697116186
1	C	T	0.0110460171628873	0.00814094098912867	0.0033497419483136	0.018041392559182	-0.00320671606633348	0.0153915750851551	0.0291666271963746	0.0260781716871477	91562	94407	185969	rs1260326	0.645626137732633
0.715211	C	T	-0.00449490589821701	0.00836882318225821	0.000805133019544189	0.0183647235908641	-0.00282274363359213	0.0157866062468249	-0.0362026756252684	0.0267036068277932	91562	94407	185969	rs12709013	0.614716721819228
1	A	G	0.000647890345490629	0.0101261317418779	-0.0078604507900535	0.0225469669546836	-0.00888179857036909	0.0192741482302004	-0.0698307594051353	0.0335262866729808	91562	94407	185969	rs12829704	0.200188123219461
0.991602	T	C	0.00297095911276677	0.00810666406739678	-0.00247261510937798	0.0180706628558506	-0.0262412829373888	0.0153515719751524	-0.0116975322746441	0.0262303030671751	91562	94407	185969	rs13122250	0.599713767305304
0.982335	C	A	0.000422741471064391	0.00972793087085976	0.00492355441223544	0.0216155658233203	0.0251807652824462	0.018545636646634	-0.000773498380398325	0.0314819969880052	91562	94407	185969	rs131794	0.854026032123633
0.778922	T	C	0.00516939571296883	0.0299984992792435	-0.102619428916751	0.0712925357073673	-0.0405345105094648	0.0590315149967671	-0.12912994007407	0.10363055617032	91562	94407	185969	rs13222543	0.0210041752168372
0.818165	A	G	-0.00297456149219572	0.0093583601248842	0.0128483233808659	0.020717960335829	-0.00282551581060653	0.0176843184098397	-0.039088134363049	0.0296894019497016	91562	94407	185969	rs13278849	0.808272545171507
0.992913	C	T	-0.0194284318676898	0.00959586104416155	0.014394426423233	0.0211584141542145	-0.00336845122845009	0.018124918485005	-0.00502545916047321	0.0307888538918288	91562	94407	185969	rs13375749	0.235346607499099
0.758194	G	A	-0.00561836253596235	0.0101295216218692	0.0105080983777252	0.0220359014130234	0.00714531879757181	0.0189983168199855	-0.016635703497079	0.0324485477621941	91562	94407	185969	rs13538	0.223039157558518
0.997342	T	C	-0.00331936685846218	0.00844580011857019	-0.0144547495770709	0.0187140797791334	0.00445721326410288	0.0160711507201859	-0.0107893435328169	0.0271644650718148	91562	94407	185969	rs1365505	0.73118908690158
0.913276	T	C	0.00622051902800763	0.00916505939140877	-0.0322871542825472	0.0205734899316596	0.00565578229704632	0.017405986601495	0.0112284920695045	0.0296078076645025	91562	94407	185969	rs1394678	0.306399238324667
0.981824	A	G	-0.00215646619896682	0.00857664863926512	0.0211607618590856	0.0191945854666566	-0.00361864799533651	0.0162839509074867	0.0387269650702825	0.0279504234745085	91562	94407	185969	rs1395	0.751139113975985
0.967668	C	T	0.0166144607488185	0.00793061452896385	0.00931575242446937	0.0176318381852559	0.0315553971759662	0.0150555986577918	0.0390355385456686	0.0256118851397549	91562	94407	185969	rs1440581	0.578221083836553
1	G	A	0.00130117274717758	0.00805652917139466	-0.009657702182135	0.0179530602245188	0.00999308871942285	0.015335372261794	0.0218387518204624	0.0260417367241015	91562	94407	185969	rs1466788	0.635458675300722
1	G	A	0.00850745197628085	0.00786046403093146	0.0135558723192149	0.0174466838045193	0.00292593398531425	0.0149064154928943	0.00900915518835282	0.0253630188624796	91562	94407	185969	rs1472631	0.543566481773844
1	A	G	-0.00725138597789235	0.00939775878392127	-0.0230942163405735	0.0208413833083631	-0.0174389940938505	0.0178158607802404	-0.0640293527904127	0.0296701552518097	91562	94407	185969	rs1495741	0.836358644634321
0.926837	T	C	-0.0152856666912913	0.01696824685635	0.026283264579296	0.0367267517257008	0.00315026832584698	0.0320567170933051	-0.0167680922149922	0.0545001526757457	91562	94407	185969	rs1509123	0.0632664573197683
0.852462	A	G	-0.0177768995167323	0.00897414263710279	0.00755565216992522	0.0199132268025157	-0.0179725857520448	0.0169605447400761	0.0105551228984427	0.0289816040036968	91562	94407	185969	rs15676	0.773093933451274
0.996977	G	C	0.0168768412587298	0.00973246794535843	-0.00363248856845466	0.0214145111515393	0.0442027980730198	0.018573771824767	0.0328271664975738	0.031481445626449	91562	94407	185969	rs16868246	0.858100855475913
0.996968	C	T	0.00490625603446468	0.0128839549937643	-2.8554005119217e-05	0.0287328238139927	-0.0043164256739123	0.0245078523832534	0.022657141254816	0.0412331940174069	91562	94407	185969	rs16876394	0.113173437330953
0.737933	T	C	2.11419445975308e-05	0.00821992760621301	-0.0042623374090474	0.0180029208685462	0.0111476247294058	0.0155176764951894	-0.0400366543978895	0.0263048703687873	91562	94407	185969	rs1697421	0.556997537874592
0.473693	A	G	0.00816429585620152	0.0170358632376933	-0.0415072760110862	0.0375410260366251	-0.0267338549203134	0.0321938561066456	0.0321624678726819	0.0535697827992372	91562	94407	185969	rs170149	0.0846459181933548
0.999934	C	T	0.0262657696827558	0.0108930905400396	0.0234173981994837	0.024344361152493	0.0329785286821276	0.0206449717438615	-0.00703493971581351	0.0359953122759116	91562	94407	185969	rs17134585	0.165666525243455
0.963128	A	G	0.00303962067461792	0.0134347350789084	-0.0430780519061206	0.030773487466727	-0.0129647123160133	0.0257665861573034	-0.061405626903291	0.045625330272054	91562	94407	185969	rs17279437	0.10419981084912
0.988251	C	T	-0.00184072111641406	0.00833420622374405	-0.0307615236767253	0.0186302567168835	0.0194456725085779	0.0157882268696804	0.0137874877823106	0.0268661377965028	91562	94407	185969	rs174535	0.365128659964833
1	A	G	-0.00130092958879328	0.00857694012135076	-0.0417177249179495	0.0192874157073742	0.0275402429571413	0.0162111740813667	0.0274597762110395	0.0276038255144379	91562	94407	185969	rs174538	0.324801776037942
1	G	C	-0.00628409975357004	0.00858222615583748	-0.0182934482794619	0.0191816616131295	0.0170518052972444	0.0162669318354711	0.0128430857624856	0.027681616399955	91562	94407	185969	rs174548	0.32765367559647
0.99062	C	T	-0.00539863712639605	0.00837590844562105	-0.0286730096606307	0.0187230170181475	0.0252192008671633	0.0158428883764647	0.0191432660779081	0.0269643567647326	91562	94407	185969	rs174550	0.358154965962069
0.988235	T	C	-0.00651945014444576	0.00866888395569847	-0.0190983615091494	0.0193676415728971	0.0146338558781266	0.0164269064923431	0.0160640074902034	0.0279408099129969	91562	94407	185969	rs174556	0.319267284074227
0.952645	A	T	-0.00200500434083344	0.00837578583901038	-0.0262872935409295	0.0186649345079615	0.0216167273733728	0.015843698541459	0.00773035514620309	0.0269477293954656	91562	94407	185969	rs174578	0.367702887040313
0.90996	T	C	-0.000872051162217516	0.00830787196328014	-0.0296804200895571	0.0184604220835867	0.0255146741383132	0.0156961140035788	0.0116468847651629	0.0266565280671692	91562	94407	185969	rs174601	0.395073714043738
0.751191	C	T	0.00628955170917978	0.00880714609504488	0.0340703377848864	0.0192460725802397	0.0196565548588268	0.0165594530127463	-0.0445259889017765	0.0285195708773866	91562	94407	185969	rs17641971	0.358274768665745
0.931047	C	T	-0.0282288057134659	0.0122229192628511	-0.0494640711950821	0.0270065231635117	0.0110986304576877	0.0226091145450243	-0.0501204712541679	0.0395379832941665	91562	94407	185969	rs17806888	0.132642960100877
0.958087	A	C	0.00920696255017744	0.00798952579930769	0.038444806158399	0.0177768499084442	-0.0023225995535897	0.0151773617203832	0.0168075341780859	0.0257914845091228	91562	94407	185969	rs1800775	0.52638824888019
1	T	C	-0.0236626084596077	0.00925601767876479	0.0110997094687622	0.0207826219476183	-0.0235539584419655	0.0175326768988013	0.0314085965946046	0.0302109140601116	91562	94407	185969	rs182420	0.823257020250687
0.996803	T	C	-0.0398603681845733	0.0158872193299698	-0.0678747782635499	0.0357212264560891	-0.0271714386547282	0.0299249874716538	0.104057499839998	0.0481601161244153	91562	94407	185969	rs1853207	0.0716196795223935
0.995283	G	A	-0.00732665951949355	0.00873504400319344	-0.0146723978799882	0.0194407352370001	0.00981149427736812	0.0164801631108123	0.0315040298610019	0.0280219648241667	91562	94407	185969	rs1934955	0.30739966778334
0.975079	C	T	-0.0115758900286975	0.00992354160413368	-0.0471633916133385	0.0222783347132389	-0.036827696569593	0.0189535143489612	-0.00256400204245688	0.0319420178575357	91562	94407	185969	rs1934963	0.211692543493808
0.503339	A	G	0.0047956827369454	0.0164125477004594	0.0168578895330162	0.0354149929192594	0.0575470022521736	0.030302937963011	0.00599055351250789	0.0518770952560353	91562	94407	185969	rs2007084	0.0805977601191596
0.898941	G	A	0.0191859543430805	0.0100303298607438	0.0110163027390018	0.0221562234671063	0.0155130275188062	0.019032035004827	-0.00544372377075189	0.0322655425352564	91562	94407	185969	rs2035647	0.860071553318026
0.975097	C	T	-0.00126672941327222	0.00799989986397877	-0.0367695482620932	0.0178137910661818	0.015111559176789	0.0151778805704803	0.0261130698756925	0.0258570174841426	91562	94407	185969	rs2041073	0.517787014056106
0.988946	A	G	0.00289923018964985	0.00805004744914138	-0.010517546929951	0.0178905521655561	0.00280911164748181	0.0152864764495488	0.0131880658394891	0.0259515712375033	91562	94407	185969	rs2062541	0.650366790508095
0.992298	A	G	-0.00805458240521124	0.00951371323847794	-0.032119050543826	0.0213407134964467	0.0199090746661113	0.0179543391273098	-0.0210159756506784	0.0309155480813821	91562	94407	185969	rs2070895	0.236987834305718
0.981931	C	T	-0.01037881684143	0.00873365815817004	-0.00646582610837036	0.0193853057390114	0.0130745310160927	0.0164647598728113	0.0428965711442755	0.0279324462884694	91562	94407	185969	rs2071426	0.312153215439132
0.903741	T	A	-0.00951815457419342	0.00827767527701562	0.0092963229127607	0.018273212035258	0.00136360017326969	0.0156589394768248	-0.0133943638839927	0.0268288831502129	91562	94407	185969	rs2160860	0.425294360968764
0.962146	G	A	-0.00216204279580144	0.0107367712902968	0.0354325098628393	0.0243318018537338	-0.00282869291785035	0.0204294619993563	-0.0296651931366811	0.0346090077305795	91562	94407	185969	rs2187375	0.903056139636176
0.924761	T	C	-0.00581788552410894	0.00969442094300839	-0.00758232430104483	0.0214589814757804	0.00834817384597649	0.018266500292071	0.0249997020837658	0.0308639794097373	91562	94407	185969	rs2235649	0.234030492716528
1	G	T	0.0160253688254753	0.00884402372670928	0.000709411188602485	0.0196136289584516	-0.00428710193497276	0.0166906287854789	0.00294255209747712	0.0285723666146621	91562	94407	185969	rs2270968	0.785637637245993
0.872139	G	C	-0.00408259028252624	0.00829095467818273	0.0135369448645234	0.018428147767539	0.0132845642806137	0.015731362660478	0.0137032440384371	0.0268366528641473	91562	94407	185969	rs2271316	0.658233552027488
0.986595	C	A	0.0355222414322092	0.00915060715927586	0.0245431860115306	0.0204028832513166	0.00670482439933845	0.0174726807664878	0.00611306383244462	0.0296060463869636	91562	94407	185969	rs2291429	0.264452279261597
0.952771	G	A	0.0201248885711932	0.0160715768427261	0.0079510127637739	0.0357566956917508	0.0375775307473995	0.0301344989857698	-0.0479311879791175	0.0532833411158011	91562	94407	185969	rs2291429	0.06977256850873
0.891864	T	C	-0.0150997202577439	0.00806410664925598	-0.0102691336236795	0.0178271927321088	0.0277481144761222	0.0152620879052494	-0.0204341125140747	0.025833008469068	91562	94407	185969	rs2403254	0.577227617086719
0.949297	G	A	-0.0022192921688337	0.00801948803974453	0.0352605710858711	0.017832134326533	-0.0148783148701581	0.0151836440382049	0.00724944172547687	0.0259122287937318	91562	94407	185969	rs2404602	0.611619452500148
0.997978	G	A	0.0072357964834716	0.0106274729656989	0.0132613978746314	0.0237367486950875	0.0328566568078164	0.0202908602622119	0.025583923785672	0.0345796743372889	91562	94407	185969	rs2405522	0.903322653232528
0.930003	G	C	0.0026221954528569	0.00873664258749705	-0.0120773607133099	0.0192994265531674	0.000959303928637654	0.0165630811630348	0.0250419786195731	0.0281781057921247	91562	94407	185969	rs246234	0.754939504729283
0.978216	T	C	0.013126544688994	0.00846575803815521	0.0292755746547048	0.0187899644387141	-0.0164069813277693	0.0161686901248176	0.0356251337099472	0.0272835183809999	91562	94407	185969	rs247616	0.344251421414322
0.733986	A	G	-0.00369014406422517	0.0158123200085689	0.0246771187767573	0.0342713722624704	-0.0216740439936013	0.0301371565424732	0.0586448073473265	0.0494475035117895	91562	94407	185969	rs2540647	0.0839620857755862
0.996785	A	C	-0.0268122987562224	0.0105991904249347	0.0222938592217224	0.0239495253796744	-0.057963803243979	0.0198465664797892	0.0476509527170872	0.0347363429963174	91562	94407	185969	rs2547231	0.900557145040302
0.870576	T	C	-0.0247595810380946	0.00817468851111637	0.0141631436227892	0.0179828012040648	-0.0314334541115976	0.0154731887356524	-0.0350408507462795	0.0262475297811323	91562	94407	185969	rs2576452	0.452517006732305
0.793137	T	A	-0.017128065450161	0.0124826491526635	-0.00119145072928991	0.0274720458371123	-0.0345289942963491	0.0238846974984666	-0.00986128451373973	0.0398981445596002	91562	94407	185969	rs2727271	0.131498297877603
0.99967	G	A	0.0205768153588228	0.00807845574131177	0.0443089178966355	0.0180221770365801	0.0147058900097517	0.0153094936807404	0.0114041455985919	0.0260369277985312	91562	94407	185969	rs272869	0.666826711828315
0.9998	G	A	0.0204296270801309	0.00807816240908049	0.044763892326291	0.0180231926463381	0.0150840226195351	0.0153101413390716	0.0109969835610072	0.0260351070130826	91562	94407	185969	rs272889	0.66678452119977
1	C	T	-0.00955032107394246	0.00926609415681047	0.0167165114507949	0.020915149973322	-0.00535184464149481	0.0176499922952199	-0.0328352914184469	0.0297226101578661	91562	94407	185969	rs2731672	0.811763724475585
0.988036	G	A	0.00543541241643378	0.0194817743912195	-0.0236845084919318	0.0434802668556172	-0.00651197628901161	0.0374198735890879	-0.0897351329548931	0.0650432009566404	91562	94407	185969	rs2734331	0.0456964482972969
0.999786	C	T	0.0212877978446113	0.00805426896349384	0.0503951323789322	0.0179829648970558	0.015442130242284	0.0152664699527275	0.00809126946264261	0.025963993822086	91562	94407	185969	rs273913	0.658589088127591
1	T	A	0.0210415725671597	0.00804886748441942	0.0499995211599091	0.0179669408711827	0.0140983754628705	0.0152526065466503	0.00879921584967476	0.0259426693328326	91562	94407	185969	rs273914	0.657666680280047
0.561969	G	A	0.000426530938522338	0.00929122428813708	0.0244142888692944	0.0200942152931751	0.00830222223196364	0.0174360231379654	-0.0208383542633267	0.0295081652225084	91562	94407	185969	rs2740	0.337254744570332
0.995333	T	C	-0.0216493325730674	0.00808865263039539	-0.0471686456568617	0.018041379684655	-0.014156797040814	0.0153239215863101	-0.00849598216900946	0.0260393813521933	91562	94407	185969	rs274567	0.414589622899516
0.881894	G	A	-0.0136262975740295	0.00813798566651555	-0.00395048655429124	0.0179655620863817	-0.0121655744254934	0.0153321007544594	0.0160087247745803	0.0261390965954648	91562	94407	185969	rs2762353	0.59209674083315
0.979415	C	T	-0.000907743719917581	0.00789915690313092	0.00336040845282803	0.0175403185667223	-0.0367339437237161	0.014953545556367	0.0242384878706017	0.0255246135517271	91562	94407	185969	rs2851391	0.592673941495626
0.996813	A	G	-0.00180653077074187	0.00872497060817435	-0.0031982897755607	0.0193444685238714	0.019342117520672	0.0165994935754773	0.0312994008815981	0.0281192077555475	91562	94407	185969	rs2863979	0.773482424248127
1	T	C	-0.0282589868244626	0.0106686182836431	0.0223971497650912	0.0240971818439589	-0.054601198816584	0.0199906671116896	0.0636904875445408	0.0352529648339375	91562	94407	185969	rs296381	0.905974066624007
0.987342	C	T	-0.0263686655782043	0.0107487274375611	0.023982754471281	0.024289392440569	-0.0544830868989143	0.0201364867722523	0.0655587792580206	0.0355396063519319	91562	94407	185969	rs296396	0.90748530441095
0.616293	A	G	-0.0016106023995363	0.0117678656229247	-0.0175878209411039	0.0254934489678635	-0.0156222663390947	0.0219930990044289	-0.00643733045775695	0.0374384508094636	91562	94407	185969	rs3099557	0.90969591200684
1	C	A	0.00290489804171705	0.012992530394459	-0.0539826133994252	0.0283133612950578	0.000822375418816676	0.0247361526529926	-0.0496105918113794	0.041569563235594	91562	94407	185969	rs316019	0.969514432819448
0.999123	G	A	0.00297465195265135	0.0129978788316342	-0.054800389410123	0.0283189287148603	0.00122723211849992	0.0247461732418852	-0.0515873730475581	0.0415427040072567	91562	94407	185969	rs316020	0.969504756507805
1	C	T	0.0371548638250893	0.00788645179617925	0.0116016186963797	0.0174760802022208	0.0223851736674774	0.0149143890792719	0.0537556362998808	0.0255166971078272	91562	94407	185969	rs3184504	0.556564905989708
0.884089	C	T	0.00567380462164398	0.00837495817851211	0.0159410020264977	0.0185937243642361	0.00477985379387662	0.0158825369177531	-0.012360799756323	0.0272789052071285	91562	94407	185969	rs3738934	0.392930377960843
0.513153	T	C	-0.0121317814958875	0.0141620780567096	-0.0731691792301107	0.0316749522345254	0.0264955840289368	0.0265212717466391	0.00961194188009164	0.0454725059781239	91562	94407	185969	rs3800993	0.148295757561744
0.97755	A	C	0.0040163106663239	0.00817637909693164	0.00580049062014602	0.0181983035131184	0.00317527843282204	0.015525907680477	-0.0290800329557346	0.0262786367313475	91562	94407	185969	rs4073054	0.666209305029333
0.917747	C	T	-0.00413739073399979	0.00814590983560978	-0.00262321747655196	0.0180751364866275	-0.0132069514369123	0.0154458963578451	-0.0109594029365246	0.0261965776441644	91562	94407	185969	rs4144027	0.44096121895047
0.993282	G	T	0.00716698828485793	0.00835360191393838	0.00570433739738667	0.0185458753161044	-0.00959429063970179	0.0158358898691081	0.00912521460831519	0.0268423907194161	91562	94407	185969	rs4148324	0.356280019589286
1	C	T	0.00968728329258033	0.0106919605154186	0.0147262623917219	0.0237945727177658	-0.0131562869469386	0.0204900353966746	0.0302210871552569	0.0341570488023003	91562	94407	185969	rs4149056	0.173192034758481
0.896028	G	A	-0.012349983419473	0.008075748669423	-0.00972803941150498	0.0178578335928908	0.029907099335575	0.0152797599031094	-0.0200759769412011	0.0258832438374427	91562	94407	185969	rs4150581	0.574145852760406
0.978697	C	T	0.0234140380666237	0.00815940317253749	0.0462645293911543	0.018195808838782	0.0180102361794468	0.0154645684569928	0.0108300565162761	0.0262877099987037	91562	94407	185969	rs419291	0.66539620854551
0.995248	G	T	-0.00275652825840682	0.00785281163761948	0.0197070876792585	0.0174628988558083	0.0272618264496662	0.0148845937603227	0.0031804833952514	0.0253691300894344	91562	94407	185969	rs4253252	0.548922122848432
0.998229	G	A	-0.00396031096719234	0.00785086984834873	0.0160923907390852	0.0174555657486248	0.0283558319537523	0.0148789234034754	0.000121062067283229	0.0253556748576258	91562	94407	185969	rs4253311	0.548929976275616
0.972475	A	C	0.000959422309796966	0.0125208892409746	-0.0582847997965063	0.0287334205638936	-0.0183435262137462	0.024000072701363	-0.0412719795299781	0.0419428894546584	91562	94407	185969	rs4327428	0.119528205367561
0.989389	A	G	-0.00224740348190353	0.00791160429417847	-0.026595455774456	0.0176516254515502	0.0132581265498525	0.0150034115738048	-0.0116260390299043	0.025552690516424	91562	94407	185969	rs4343	0.50947537218031
0.97505	A	G	-0.00256274165027285	0.00794694484417188	-0.027619057446878	0.0177219492267402	0.00735617997035863	0.015072392443322	-0.00762583842661447	0.0256610207093221	91562	94407	185969	rs4351	0.511474386628954
0.946516	C	T	0.00058429709473373	0.00795354378810134	-0.0253056369470765	0.0176930045350978	0.0150668775708959	0.015065408232431	-0.0122821914280936	0.0256263800851383	91562	94407	185969	rs4362	0.515841115879528
0.907569	A	G	-0.00078652021715862	0.0130421763095039	-0.0343623266662732	0.0293758697910248	0.0017919425885151	0.0246960853129682	-0.00694784057408704	0.0424915361345903	91562	94407	185969	rs445925	0.113749334415951
0.859936	T	A	-0.00858161775910513	0.00847408238256057	-0.00497388587938422	0.0187471734969495	-0.0132904925675184	0.0160701528104445	0.0133133300697296	0.0271246036783965	91562	94407	185969	rs4488133	0.387705780845195
0.860608	C	T	0.00127155589124597	0.00816114675931606	0.0176270526595532	0.0179561302125789	-0.0300944312470089	0.015314956920886	0.00359070375021894	0.0260066396217027	91562	94407	185969	rs4625783	0.617882072581989
0.752261	A	G	0.00446588957286061	0.00905548271353938	-0.0127812555635069	0.0197005394894578	-0.0092414776763852	0.0170020344607782	0.0384876150741731	0.029193991213722	91562	94407	185969	rs4675874	0.766394632868919
1	A	G	-0.00341453858682163	0.00790002723957182	0.0198955729330179	0.0175994053097486	-0.0204503077309765	0.0149848320716429	-0.00293309891068407	0.0254798429717292	91562	94407	185969	rs4680	0.562714153982653
0.8736	C	T	-0.014442230201608	0.00827791703679964	-0.0279906976223545	0.018310541873662	-0.0257155004680173	0.0156565145930758	-0.015515148678711	0.0266092615384107	91562	94407	185969	rs4687717	0.636230589082051
0.668454	C	G	-0.00561885655969818	0.00916545112997417	-0.0293539023186203	0.0198648449030417	-0.00766415786034921	0.0172432575943361	-0.00151146975168571	0.0292254837429882	91562	94407	185969	rs4690909	0.762331552371632
0.905575	C	G	-0.0110885385822104	0.00830894148862997	0.0129891232947882	0.0184503647754094	0.0166134044815937	0.0156916404013718	-0.0373685749105851	0.0267489760913062	91562	94407	185969	rs4713169	0.464257899488624
0.951567	A	G	0.0266646786599725	0.013371601065679	0.0282939258982171	0.0299327049468497	0.00923871001785805	0.0256331970717117	-0.0361918590552624	0.0447607760256212	91562	94407	185969	rs4784054	0.105131046550232
0.925909	T	A	0.0139007385374223	0.0157122573933651	0.02064785242827	0.0341763430844161	-0.00677211540966487	0.0298011574273393	0.0348843958534314	0.0492582291108853	91562	94407	185969	rs4787294	0.0754707100592034
1	T	C	0.0176679436262873	0.0151686845110695	0.0240675446777464	0.0330635163811138	-0.00321341217361741	0.0288132033080466	0.043972646898107	0.04740501781423	91562	94407	185969	rs4788439	0.0804141183261726
0.997852	A	G	-0.0839623517592907	0.00833702777254972	-0.0579691701647455	0.0185421301862366	-0.0260408905606923	0.0157337623603898	-0.0485870855247387	0.0268705538354704	91562	94407	185969	rs4808136	0.367765042582366
0.721607	C	T	-0.00368776077314557	0.00858142300579551	0.0095032793981727	0.0188691186735219	-0.00401768319491664	0.0162155236865727	-0.0174708349735181	0.027321414352618	91562	94407	185969	rs4814176	0.67673728350424
0.960915	G	A	0.0244660326435004	0.0107730221297346	0.00104686743083646	0.0238356226638257	0.0161504237509592	0.0203746606074303	0.0416469014223626	0.0341492520432353	91562	94407	185969	rs4902243	0.172691136028048
0.996849	T	C	-0.00686109521978374	0.00940659265734417	-0.0230529751636723	0.0208545823798492	-0.0166776667110285	0.0178335884842836	-0.0655326485738113	0.0296820244752401	91562	94407	185969	rs4921913	0.836625599282676
0.996836	T	C	-0.00689625589831344	0.00940781451586781	-0.0234092384998995	0.0208555571775097	-0.0171418864106178	0.0178336807874897	-0.0655959709009077	0.0296856978329513	91562	94407	185969	rs4921914	0.836701192472939
0.741846	G	A	-0.00830484916132709	0.0137622185053611	0.00744168279130286	0.0298943414281129	-0.0292461096851623	0.0261124813623215	0.00818002855973763	0.0436351988026831	91562	94407	185969	rs494562	0.106930503711909
0.946218	C	T	-0.00565989201923966	0.0091781160319374	-0.00785001492450856	0.0202729109217857	0.00396694742916959	0.0173606523124979	-0.0261194832054933	0.0293046181184446	91562	94407	185969	rs4947534	0.809867718565998
0.914638	C	T	-0.0135208746125286	0.00876107647926872	0.005034860837307	0.0192943330557298	0.021587641377476	0.0164568963391168	-0.00823011019856791	0.028281330425801	91562	94407	185969	rs4949874	0.319524145163979
0.903427	T	G	0.0417367825815773	0.00952973342753385	0.0190985394981991	0.0209862767060083	0.0280030561247167	0.0179933058798448	0.037809723446841	0.0304119997100478	91562	94407	185969	rs495828	0.243934649592136
1	C	T	0.0114295576043322	0.011011505948041	0.00991618557786325	0.0244457571367789	-0.000138361904348802	0.0209398891816269	0.0160189211855412	0.0356705579293907	91562	94407	185969	rs4986894	0.159580553775092
0.819777	C	A	-0.00259877069619143	0.00834680011546116	-0.0125839622703599	0.0183847183551493	-0.01362339594233	0.0157648639827291	-0.0349036487206833	0.0268767235096033	91562	94407	185969	rs5030062	0.414868956019552
0.980964	C	T	0.00753212747985005	0.00790572832251195	0.0710738585647914	0.0176095289341006	0.0123761252558485	0.0150342161260023	0.00279954477888795	0.0253326176680276	91562	94407	185969	rs503279	0.531053911259403
0.986094	A	T	-0.00461238211549888	0.00796784091547321	-0.0195850237590126	0.0177746959715456	0.0238812127161355	0.0151800119740626	-0.0349216876293331	0.0255916225674015	91562	94407	185969	rs559555	0.608550534841828
0.904005	C	T	0.0416086010063203	0.0095255862338074	0.0194139927494552	0.0209759295857535	0.0276482187415839	0.0179868907417779	0.0374921232161862	0.0304003344698731	91562	94407	185969	rs579459	0.244086396431663
0.940241	T	C	0.00496617636494692	0.00973917433628424	0.0308855124799155	0.0218504145126682	-0.0212369158129932	0.0183804679721529	0.0205879886724199	0.0315981448078818	91562	94407	185969	rs588136	0.848634257446134
0.966916	A	G	0.0066453414399678	0.00795770950649291	0.0698762642867741	0.0177027480759698	0.0159116255466719	0.0151293787396361	0.00727933826785784	0.0254609640395369	91562	94407	185969	rs601338	0.50651243371207
1	A	G	-0.0144417555672306	0.0101756999752279	0.0558205061945365	0.021837668225645	0.000892361292634285	0.0190857258079674	-0.036544577218509	0.0324944642665388	91562	94407	185969	rs603424	0.203759767133232
0.533229	C	T	-0.0166367617275618	0.0161451739237068	0.043283328780159	0.0336815879965815	0.00919497435286184	0.0297375288914765	-0.0393578791631542	0.0509332363021421	91562	94407	185969	rs6151429	0.0821515221929461
0.845154	T	C	-0.0273198969350251	0.0084051558916343	-0.0154860950285211	0.0183443575999219	-0.0217958892748615	0.0156387170668146	-0.025034613962941	0.0262004929865909	91562	94407	185969	rs6430553	0.464421866251902
1	A	G	-0.00334271137967748	0.00805762748500076	-0.00946478345958405	0.0179340712312734	0.0176791735051168	0.0152431894521	-0.0074590525568259	0.0261436964218097	91562	94407	185969	rs6459467	0.44162927450274
0.903963	T	C	0.0415681589704495	0.00952637905361516	0.0192018468061746	0.0209793511134609	0.0275818746518925	0.017988847561966	0.0376695171934849	0.0304013672345663	91562	94407	185969	rs649129	0.24405552957751
0.811727	T	G	0.00771270176454333	0.0132325702696178	-0.023747261969304	0.0295292373794698	0.0473885001270554	0.0256459058911261	-0.0783030238564954	0.0422962920370803	91562	94407	185969	rs6497490	0.930212029252187
0.564954	G	A	0.00167670799334274	0.00926985120503264	0.0281374790105017	0.0200523066233803	0.00849214561823032	0.0174014769304009	-0.011372447970584	0.0294224941773414	91562	94407	185969	rs6498540	0.343834525555335
0.904105	T	C	0.0415322852241544	0.00952550969472765	0.0195481434844306	0.0209753120652861	0.0277811022277185	0.0179861107431473	0.0369074352793592	0.0304050163264644	91562	94407	185969	rs651007	0.244141984852314
1	G	C	-0.00305021124525312	0.010400195294307	0.0194739902769172	0.0230466243590031	0.0135434688367542	0.019655052768221	0.022992314488305	0.0335160460346959	91562	94407	185969	rs662138	0.186988938177868
0.994371	T	A	-0.0120862736623583	0.0118815258153773	0.00335605299998478	0.0262714207370454	-0.0284826084117537	0.0227274343040547	-0.0186716716368532	0.0383796216003143	91562	94407	185969	rs6663731	0.136502270921498
0.995206	G	A	-0.0122302683720221	0.0118657874012971	0.00315323784913549	0.0262472206013538	-0.0288446040561393	0.0227059127967169	-0.0154933501217174	0.0382918820581498	91562	94407	185969	rs6678639	0.136865109647307
0.920447	T	G	0.00152401018413077	0.00819391793755883	-0.0170175218761241	0.0182112788191457	-0.00478700662439476	0.0155862921142303	-0.0265422928063328	0.0263210596574109	91562	94407	185969	rs6679002	0.653370843231937
0.791788	G	A	-0.0115437820861291	0.00832878136347518	-0.0266998489946671	0.0182899794043822	0.00642192171747748	0.0156845750166609	-0.0444351581274056	0.0263496007610535	91562	94407	185969	rs6685187	0.638417936113008
0.81678	C	T	0.0104036083151145	0.00874461469417593	0.0180756186409987	0.0191855177992649	-0.0182948809752702	0.0165417962265961	0.0484050284398126	0.0275141229847082	91562	94407	185969	rs6693388	0.344015690539821
0.959292	G	A	0.0318828927079138	0.00798229801234085	-0.0118039559812775	0.0178111750359446	0.00379756856790025	0.0151801996185805	-0.0288384529893103	0.0260540233418078	91562	94407	185969	rs6804368	0.478328590162877
0.943332	C	T	0.0138530228174246	0.00960000351720717	-0.018921532902617	0.0210198492845328	0.0376543834910217	0.0182923436319391	0.00940622195066134	0.030779356459844	91562	94407	185969	rs6838021	0.842665055132845
0.952376	G	C	0.0103401214027754	0.0080553307602658	-0.0119138792557679	0.0179258221244181	0.00981972186301597	0.015288403183263	0.0274023509269521	0.0260669519897982	91562	94407	185969	rs6901004	0.462222970586496
0.976235	G	A	0.00167638368294532	0.00816638372256748	-0.0175963243171036	0.0180936375179555	0.00248001606037695	0.0154697220512326	-0.00637033501127804	0.0263556580404994	91562	94407	185969	rs6968554	0.679231673596137
0.955979	A	G	0.0236826607942621	0.00933745462581627	0.0335634508156875	0.0208001510334583	0.0229923764596732	0.0177595451091269	0.0263090588035725	0.0304458626541875	91562	94407	185969	rs6980334	0.817906103087074
0.895627	C	G	-0.00856545407955936	0.00967828432093637	0.0158939368609654	0.0214401506576146	-0.0109953818923878	0.0184137482926816	-0.0126760432148435	0.0314339593854064	91562	94407	185969	rs7061710	0.239556863122348
0.822294	C	T	-0.00287856381569214	0.00879646545320215	0.0129349696195251	0.0193354001287437	0.0182293680206237	0.0165464868253795	0.0708212415846256	0.0280798785275014	91562	94407	185969	rs715	0.33049876842377
0.957392	T	G	0.0245961331113394	0.0107802345301477	0.00142553937854315	0.0238466803566286	0.0152136078670475	0.0203939368492492	0.0400097610095374	0.0341902245773268	91562	94407	185969	rs7157785	0.173606314127623
0.878209	T	C	-0.0130337697312769	0.00897155159660813	-0.010441996782774	0.0198586058655718	-0.0213585528767767	0.0169687126656268	-0.0573943961989603	0.0283757559708902	91562	94407	185969	rs721399	0.78011805223989
0.658297	A	G	-0.00815763632491007	0.0104983068015344	-0.0211075720542055	0.0231317539995091	0.0172719337347746	0.0196974958061532	-0.00131840389401602	0.0334881110530119	91562	94407	185969	rs7542172	0.221975035860816
0.909831	G	A	-0.0129095512284735	0.0087590171341529	0.0066854210547653	0.0192778043516851	0.0219336476898389	0.0164521120460411	-0.00588405771292693	0.0282505014468815	91562	94407	185969	rs7552404	0.320411987524803
0.841346	A	C	-0.0190689951202533	0.00914064340121951	0.00384665616199494	0.0198794146179406	-0.0286407279310709	0.0167558748943292	0.0144659309795261	0.0278243960837066	91562	94407	185969	rs7570971	0.421985279793944
0.708528	G	C	0.00165277094738316	0.00888106407583212	-0.0192861268377063	0.0194988325996551	0.0162258495363294	0.0167924392724707	-0.0608697130818679	0.0282821798095451	91562	94407	185969	rs7642243	0.639849935569907
1	T	C	0.0288418325599326	0.00788764648343524	0.059836842028191	0.01757744873579	0.0242029878963274	0.0149559477876071	-0.025662194083839	0.0253729826204692	91562	94407	185969	rs7727544	0.588075580946287
0.797053	C	A	-0.00802249716532227	0.00814861891760375	-0.0373168348260842	0.0179753804987855	0.0123365231285435	0.0153934879226763	0.00949634053103515	0.026255820250527	91562	94407	185969	rs7775554	0.51209587892068
0.805562	T	A	0.00728467582100362	0.0127322788530889	0.0218745325473263	0.0278295674590419	0.0478828019072436	0.0236648624494775	0.015729621024447	0.0403722806434238	91562	94407	185969	rs7809234	0.126136156262603
0.995305	T	G	-0.0380591740867336	0.0139664294683435	-0.00468412986873011	0.0308369047415482	-0.0285186861670853	0.026629001840104	-0.0372917915299356	0.0447862975264749	91562	94407	185969	rs7809615	0.094477168890514
0.972702	C	A	-0.00156751101723209	0.0146719197894882	0.010676266719435	0.0322540076186836	0.0154897844869507	0.0275584607103157	0.00675262833381563	0.0468183189603459	91562	94407	185969	rs7822232	0.0866626326172642
0.971774	G	A	-0.00791241789504205	0.00870002833930722	0.000684911285518556	0.0193864194717851	0.0216021054965408	0.0166206287768843	-0.00471813054494129	0.0281228993405274	91562	94407	185969	rs7849270	0.765111180347262
0.99657	C	T	-0.00263244581503228	0.00869254688822373	-0.0127398924125824	0.0194373113499715	0.0217257994815445	0.0164396682099498	-0.00750871254071621	0.0282504705917677	91562	94407	185969	rs8002180	0.307494961235475
0.892298	G	A	0.022979663639622	0.0081269477210173	-0.0155949035884971	0.0179711135489723	0.00353847912347696	0.0153753761903763	-0.00865194073486599	0.0261520131678567	91562	94407	185969	rs8012	0.595776229070436
1	C	T	0.00926984964715376	0.00818531844026	-0.0221747786461393	0.0182520408311586	0.0347871633373588	0.0154539086417861	0.0490710667990862	0.0261608542338222	91562	94407	185969	rs8018967	0.388345417440541
0.9479	A	G	0.0104667005148546	0.00898158513660379	-0.00389524761736746	0.0198425102705958	0.00874488687729526	0.0169024404875847	0.022046607232059	0.028496256699634	91562	94407	185969	rs8051149	0.288108669504057
0.947695	A	C	-0.00356534025807043	0.00893703660879223	-0.00588513194739791	0.0197774496168703	0.0189881312323186	0.0170044328442365	0.0366069040085612	0.0288338010911705	91562	94407	185969	rs8056893	0.78658439971178
0.908661	T	C	0.00991525980656068	0.00821408261023252	-0.00682354722934942	0.0180913451257656	0.00617454539562799	0.0155032402006649	-0.00840533004103222	0.0263370286177749	91562	94407	185969	rs8101881	0.659458314611575
0.668265	C	T	0.00448765113206771	0.0092272786772118	0.0302818332390645	0.019985368996378	0.00207322576708867	0.0173773303322644	-0.00431918315654221	0.0294905218684686	91562	94407	185969	rs8396	0.30496575893294
0.870046	T	C	-0.0280973964360101	0.008184493675205	0.0114364268171542	0.0180133415058411	-0.0332567154057859	0.0154908377346201	-0.0303035038992434	0.0262475650449025	91562	94407	185969	rs8736	0.457794176292823
0.994879	T	C	0.00761354850952096	0.00834980643471643	0.00544950434731198	0.0185366161901967	-0.0105761630379501	0.0158325679530276	0.0106193542311649	0.0268258020268414	91562	94407	185969	rs887829	0.356051081889992
0.989127	T	A	0.00304124075852612	0.00805065882444328	-0.0105172687313108	0.0178902790631009	0.00295484223427905	0.0152869445785255	0.0124107998205645	0.0259501333942357	91562	94407	185969	rs924135	0.650327175857267
0.752671	G	A	-0.00205007343631327	0.00850930871977664	0.0229808140470947	0.0187263713107197	-0.0109455603741782	0.016016857505518	0.00227873524463458	0.0272589557845087	91562	94407	185969	rs9302065	0.658807387876474
0.997217	G	A	-0.0138944551503143	0.0118105081776682	0.00466068204619847	0.0260691266693682	-0.02960414920685	0.0225735785685464	-0.0218771489172423	0.0381133779407758	91562	94407	185969	rs9333029	0.137403294866349
0.928407	G	C	0.0137170288735915	0.00968976416405126	-0.0226253310738079	0.0211904317006259	0.0454365667313412	0.0184900300239186	0.00611996006312113	0.0309955993623642	91562	94407	185969	rs938554	0.84582807795923
0.897197	C	T	-0.00627841308926086	0.00854990345846859	0.00101618461720807	0.0188730714302784	-0.0478596611231593	0.0162940934157951	-0.0158888507023011	0.0276147990761567	91562	94407	185969	rs9392556	0.353793337115326
0.952144	T	C	-0.0168615619934928	0.00950219223959308	0.0182478172288281	0.0208756330881057	0.0168937988715551	0.0177756978471711	-0.0361372065786148	0.0306569851089919	91562	94407	185969	rs9393915	0.24774218479424
0.935105	T	C	-0.0328894278906892	0.00864497345965215	0.0206158742070095	0.0192899858345641	-0.0245792268680695	0.0163730321424143	-0.0536466794789811	0.0274961497192566	91562	94407	185969	rs9400467	0.751253639208685
0.980934	G	A	-0.00225252869548653	0.00805344299587475	0.000435122700959719	0.017929156485232	0.0149846565196278	0.0152480050200716	0.0270826132966996	0.0260152665164284	91562	94407	185969	rs9635324	0.434602266668101
0.975614	C	G	0.022308711348936	0.0114255940011132	0.0314116033508455	0.0254866323383053	0.00608042460366475	0.0215601743162293	0.0774239085247142	0.0377107894613666	91562	94407	185969	rs964184	0.930882701880421
0.86456	T	C	0.000547970345123982	0.010970576438294	-0.0199895752155667	0.024443787501648	0.0560601012567654	0.020374703250537	0.0328748166115684	0.0351042828846951	91562	94407	185969	rs968567	0.175430404217907
0.535876	C	T	-0.00573905714856601	0.00910330029132249	-0.0141883859441098	0.0197258244860904	-0.00993258012777301	0.0170616195073952	0.0221291978465751	0.0288459491500342	91562	94407	185969	rs9842133	0.368991202533756
